2460939.500000000 2025-09-21T00:00:00Z 188.36829278593 12_33_28.390  -2.53751086486 -02_32_15.04    4.011062142902    3.030625998608  10.81092 20.524 1899.259 120
2460940.500000000 2025-09-22T00:00:00Z 188.71656735328 12_34_51.976  -2.70120032178 -02_42_04.32    4.014339574149    3.031657925970  10.21848 20.515 1904.302 120
2460941.500000000 2025-09-23T00:00:00Z 189.06506579197 12_36_15.616  -2.86474770458 -02_51_53.09    4.017475169692    3.032690659866   9.62579 20.505 1909.361 120
2460942.500000000 2025-09-24T00:00:00Z 189.41377626650 12_37_39.306  -3.02814096430 -03_01_41.31    4.020468496582    3.033724188565   9.03288 20.495 1914.438 120
2460943.500000000 2025-09-25T00:00:00Z 189.76268709635 12_39_03.045  -3.19136821202 -03_11_28.93    4.023319187139    3.034758500344   8.43979 20.485 1919.532 120
2460944.500000000 2025-09-26T00:00:00Z 190.11178684593 12_40_26.829  -3.35441776583 -03_21_15.90    4.026026932176    3.035793583497   7.84656 20.474 1924.643 120
2460945.500000000 2025-09-27T00:00:00Z 190.46106438362 12_41_50.655  -3.51727818063 -03_31_02.20    4.028591474487    3.036829426334   7.25328 20.463 1929.772 120
2460946.500000000 2025-09-28T00:00:00Z 190.81050891989 12_43_14.522  -3.67993826683 -03_40_47.78    4.031012603411    3.037866017178   6.66004 20.451 1934.918 120
2460947.500000000 2025-09-29T00:00:00Z 191.16011003808 12_44_38.426  -3.84238710526 -03_50_32.59    4.033290150903    3.038903344365   6.06699 20.439 1940.083 120
2460948.500000000 2025-09-30T00:00:00Z 191.50985773344 12_46_02.366  -4.00461406616 -04_00_16.61    4.035423988958    3.039941396249   5.47433 20.426 1945.265 120
