#(500) Geocentric: a002533
Date (UTC)   RA             Dec           delta  r     elong  mag " sig PA
---- -----  ------------   ------------  ------ ------ -----  --- --------
2025 09 20  12 32 04.861   -02 22 25.29  4.0076 3.0296  11.4 20.5 1894 120
2025 09 21  12 33 28.390   -02 32 15.04  4.0111 3.0306  10.8 20.5 1899 120
2025 09 22  12 34 51.976   -02 42 04.32  4.0143 3.0317  10.2 20.5 1904 120
2025 09 23  12 36 15.616   -02 51 53.09  4.0175 3.0327   9.6 20.5 1909 120
2025 09 24  12 37 39.306   -03 01 41.31  4.0205 3.0337   9.0 20.5 1914 120
2025 09 25  12 39 03.045   -03 11 28.93  4.0233 3.0348   8.4 20.5 1920 120
2025 09 26  12 40 26.829   -03 21 15.90  4.0260 3.0358   7.8 20.5 1925 120
2025 09 27  12 41 50.655   -03 31 02.20  4.0286 3.0368   7.3 20.5 1930 120
2025 09 28  12 43 14.522   -03 40 47.78  4.0310 3.0379   6.7 20.5 1935 120
2025 09 29  12 44 38.426   -03 50 32.59  4.0333 3.0389   6.1 20.4 1940 120
